((("printStrategy" .
   [0 0 0 0 0 1 0 0 0 0 0 0 0])
  ("ride0" .
   [0 0 0 1 0])
  ("Transport" .
   [1 0 0 0 0 0 0 0 0])
  ("xrange" .
   [0 1 0 0 0 0])
  ("xxx" .
   [2 0 0])
  ("cv2" .
   [7 0 0])
  ("numpy" .
   [1 0 0 0 0])
  ("main" .
   [2 0 0 0])
  ("Predator" .
   [1 0 0 0 0 0 0 0])
  ("predator" .
   [1 0 0 0 0 0 0 0])
  ("Sky" .
   [1 0 0])
  ("height" .
   [1 0 0 0 0 1])
  ("width" .
   [2 0 0 0 0])
  ("Boid" .
   [1 0 0 0])
  ("append" .
   [0 0 0 2 0 0])
  ("boids" .
   [5 0 0 0 1])
  ("Murmuration" .
   [1 0 0 1 0 0 0 0 0 0 0])
  ("n" .
   [2])
  ("__init__" .
   [0 0 0 0 0 2 1 0])
  ("direction" .
   [1 0 0 0 0 0 0 0 0])
  ("speed" .
   [1 0 0 0 0])
  ("argv" .
   [0 0 0 1])
  ("heading" .
   [4 0 0 0 0 0 0])
  ("head" .
   [1 0 0 0])
  ("y" .
   [7])
  ("x" .
   [7])
  ("blah" .
   [3 0 0 0])
  ("np" .
   [1 0])
  ("l" .
   [1])
  ("w" .
   [1])
  ("thetainitial" .
   [0 0 0 0 0 0 0 1 0 0 0 0])
  ("thetalist0" .
   [1 0 0 0 0 0 0 0 0 0])
  ("X" .
   [1])
  ("ikin" .
   [1 0 0 0])
  ("randint" .
   [6 0 0 0 0 0 1])
  ("m" .
   [1])
  ("i" .
   [2])
  ("index" .
   [1 0 0 0 0])
  ("sqrt" .
   [0 0 1 0])
  ("pow" .
   [1 0 0])
  ("distances" .
   [1 0 0 0 0 0 0 0 0])
  ("d" .
   [1])
  ("asin" .
   [1 0 0 0])
  ("j" .
   [1])
  ("img" .
   [1 0 0])
  ("HEIGHT" .
   [2 0 0 0 0 0])
  ("WIDTH" .
   [1 0 0 0 0])
  ("EnvironmentModel" .
   [0 0 0 0 0 0 0 1 0 0 0 0 0 0 0 0])
  ("env" .
   [2 0 0])
  ("AddTarget" .
   [0 0 0 0 0 1 0 0 0])
  ("destoryAllWindows" .
   [0 0 0 1 0 0 0 0 0 0 0 0 0 0 0 0 0])))
